weeks<-c(1,1,1,1,1, 2,2,2,2,2, 3,3,3,3,3, 4,4,4,4,4, 5,5,5,5,5)
days<-c(1,2,3,4,5, 1,2,3,4,5, 1,2,3,4,5, 1,2,3,4,5, 1,2,3,4,5)
trt<-c("A","B","C","D","E",
"B","C","D","E","A",
"C","A","E","B","D",
"D","E","A","C","B",
"E","D","B","A","C")
y<-c(133,139,140,140,145,
136,141,143,146,139,
140,138,142,139,139,
129,132,137,136,140,
132,144,143,142,142)